15.5905 13.5357
101.8101 16.0058
186.4611 19.1121
435.9148 19.8907
520.3880 18.8820
269.2082 21.6031
609.1012 19.4554
351.8596 21.8346
17.2111 99.1289
102.4197 100.6387
186.4563 102.7599
601.3609 101.9456
269.0260 103.8804
351.5977 104.4818
434.2563 104.4874
516.4982 104.3351
103.9982 183.9416
19.4078 184.8272
187.4788 185.0896
269.3091 187.0110
430.9140 187.0908
350.7059 187.9698
600.6296 187.5310
514.5220 188.8373
19.5517 268.0454
104.9639 268.1962
188.1617 268.6122
348.0195 268.0860
269.2491 269.8542
429.9620 269.8763
515.5934 270.1006
601.0900 273.1180
267.8977 349.7871
187.7359 350.6744
349.0450 351.2247
103.9655 351.6356
19.4324 350.2703
431.4426 354.1328
515.2249 353.1133
602.8447 358.0499
186.4908 435.2312
268.3275 435.5512
348.4895 437.4983
16.8000 437.2159
430.5568 437.1982
102.8129 438.4387
603.2191 442.8590
515.5070 442.3692
